precision=0.9104692970693661
recall=0.9187347110290697
f1score=0.9110506742329969
